Coefficients: [ 4.63393604e-04 -7.47381033e-04 -1.09168667e-02 -3.48436053e-02
  1.31383230e-01  1.39263222e+00 -2.84826832e+00  4.47029732e+00]
Errors: 1.163513729807164e-14
