Coefficients: [ 3.21360686e-03 -1.24765861e-02 -7.94228355e-02  8.04440502e-02
  2.20850367e+00 -4.41295989e+00  5.31269799e+00]
Errors: 1.403321903126198e-14
