Coefficients: [ 0.0234832  -0.16891465 -0.23726145  4.08294699 -7.38227026  6.78201617]
Errors: 2.3803181647963357e-14
